13935.7001953125,57621.8984375,0.0092320004478097,-0.0186100006103516
13476.5,35823.69921875,0.0231069996953011,-0.0274819992482662
406.109985351563,22018,0.0529149994254112,-0.0302600003778934
-14150.2998046875,58734.19921875,0.0183969996869564,-0.0310650002211332
-1648.34997558594,45371.5,0.0198100004345179,-0.0315250009298325
-3340.9599609375,34362.69921875,0.0471450015902519,-0.0210299994796515
-11433.2998046875,28257.099609375,0.0654750019311905,-0.0565049983561039
-17060.099609375,39836.80078125,0.0452399998903275,-0.0482230000197887
-31756.599609375,49242.6015625,0.0439479984343052,-0.0642049983143806
-23353.099609375,26514.69921875,0.0747919976711273,-0.0449770018458366
-33300.6015625,36017.6015625,0.075254999101162,-0.0553870014846325
-44547.30078125,53000.19921875,0.0633030012249947,-0.0534429997205734
-42721.3984375,42865.5,0.0872500017285347,-0.0587330013513565
-34537.80078125,25905.19921875,0.102200001478195,-0.0691950023174286
-42498,23958.099609375,0.127049997448921,-0.0849570035934448
-47312.30078125,20326.69921875,0.146675005555153,-0.117925003170967
-52759.5,20597.69921875,0.157425001263618,-0.123324997723103
-42704.8984375,35414.30078125,0.109324999153614,-0.0716769993305206
-39877.19921875,30277.80078125,0.11370000243187,-0.071602001786232
-53026.80078125,54409.1015625,0.0890029966831207,-0.0774400010704994
-56205.6015625,58555.30078125,0.0942099988460541,-0.0733150020241737
-52731.3984375,46954.8984375,0.107699997723103,-0.0853400006890297
-51507.5,36600.6015625,0.123225003480911,-0.0895970016717911
-46424,29772.19921875,0.13459999859333,-0.0896119996905327
-48453.1015625,24673.69921875,0.14462499320507,-0.118199996650219
-53354.5,27720.900390625,0.153974995017052,-0.119525000452995
-59637.6015625,31676.69921875,0.145174995064735,-0.13034999370575
-22619,-10630,0.145575001835823,-0.0563570000231266
-32361.099609375,-18033.19921875,0.129800006747246,-0.0467800013720989
-22433.80078125,-1289.89001464844,0.155849993228912,-0.0614529997110367
-30878.400390625,-4474.93017578125,0.14665000140667,-0.0773549973964691
-42727.6015625,-6399.52001953125,0.132349997758865,-0.0601800009608269
-53901,-14199.7998046875,0.117075003683567,-0.0643479973077774
-22704,5049.68017578125,0.123250000178814,-0.08228500187397
-28172.5,4184.72021484375,0.139899998903275,-0.0817549973726273
-36148.19921875,4230.18017578125,0.14452500641346,-0.0846320018172264
-45866.3984375,7970.64990234375,0.131775006651878,-0.0916600003838539
-54885,-1067.86999511719,0.127275004982948,-0.076834999024868
-22359.19921875,17503.099609375,0.114924997091293,-0.0444380007684231
-24819.400390625,10952.2998046875,0.121749997138977,-0.0593880005180836
-31389.599609375,9984.2998046875,0.132200002670288,-0.0824100002646446
-37493.6015625,12913,0.141574993729591,-0.0873679965734482
-43362.3984375,16847.400390625,0.134275004267693,-0.102899998426437
-49195.1015625,15560.900390625,0.143199995160103,-0.119300000369549
-56752,11739.7001953125,0.138400003314018,-0.089989997446537
-30314.80078125,17762.69921875,0.121299996972084,-0.0636370033025742
-37670.80078125,19475.30078125,0.128250002861023,-0.073743000626564
-23711.30078125,-59996.69921875,0.0862850025296211,-0.0110330004245043
-27744.900390625,-44633.80078125,0.106724999845028,-0.0257099997252226
-34958.6015625,-54935.69921875,0.0746769979596138,-0.0140770003199577
-44907.6015625,-57980.19921875,0.0457849986851215,-0.00836899969726801
-56548.5,-49648.5,0.0373080000281334,-0.0130669996142387
-26489.19921875,-30851.400390625,0.128150001168251,-0.0330829992890358
-38985,-32558.900390625,0.110100001096725,-0.0322199985384941
-42208.5,-46324.80078125,0.0786430016160011,-0.0156270004808903
-50697.3984375,-37248.6015625,0.077284999191761,-0.0240979995578527
-44986,-20616.099609375,0.120149999856949,-0.0526229999959469
-48690,-28703.5,0.0969230011105537,-0.0378019995987415
-55534.69921875,-29752.900390625,0.0800699964165688,-0.0367700010538101
-53172.30078125,-23436.80078125,0.101125001907349,-0.0518749989569187
19898.599609375,-58120.30078125,0.132974997162819,-0.0115200001746416
8775.400390625,-58926.5,0.126774996519089,-0.0154020003974438
11594.7998046875,-50026.19921875,0.141299992799759,-0.0210670009255409
14549,-39011.3984375,0.153775006532669,-0.0260899998247623
-110.430000305176,-52929,0.125774994492531,-0.0198929999023676
5326.009765625,-43475.19921875,0.145675003528595,-0.0158699993044138
-13678.2998046875,-49465.8984375,0.118150003254414,-0.0235500000417233
17990.80078125,-21432.80078125,0.125874996185303,-0.0270329993218184
11475.2001953125,-27676.599609375,0.144374996423721,-0.0432679988443851
3830.1298828125,-33913.80078125,0.156975001096725,-0.0350820012390614
-4204.3701171875,-40918.80078125,0.141849994659424,-0.0216179993003607
-16027.2001953125,-36338.8984375,0.136875003576279,-0.0296950004994869
2338.73999023438,-23128.69921875,0.146675005555153,-0.0560499988496304
-6424.02978515625,-28907.69921875,0.146750003099442,-0.0549129992723465
-17915.900390625,-21989,0.144675001502037,-0.0389069989323616
54879,-46439.3984375,0.134700000286102,-0.0313550010323524
52860.30078125,-53797.30078125,0.140799999237061,1.40000001920271E-05
47229.19921875,-49509.80078125,0.132375001907349,-0.00460299989208579
38521.1015625,-51687.5,0.142000004649162,-0.00673800008371472
29192.099609375,-50408.30078125,0.144500002264977,-0.00489199999719858
56000.80078125,-31638.900390625,0.114325001835823,-0.00860800035297871
57047.8984375,-39746.19921875,0.133349999785423,-0.00499100005254149
49010.1015625,-39820.69921875,0.141100004315376,-0.0305429995059967
41750.6015625,-44548.5,0.133275002241135,-0.0298369992524385
35121.5,-44592.8984375,0.130449995398521,-0.00725100003182888
27201.19921875,-39409.8984375,0.148100003600121,-0.00981099996715784
20606.80078125,-47443.3984375,0.147174999117851,-0.0145819997414947
58943.19921875,-21489.69921875,0.0756099969148636,-0.0112319998443127
50954.8984375,-24235.599609375,0.100014999508858,-0.0206569992005825
46103,-30059.30078125,0.135550007224083,-0.0277919992804527
38344.3984375,-36455,0.136199995875359,-0.00836300011724234
30721.099609375,-29718.099609375,0.134874999523163,-0.00107300002127886
21287.69921875,-30205.900390625,0.147074997425079,-0.0444249995052814
43514.8984375,-21962.099609375,0.108874998986721,-0.0137099996209145
38433.8984375,-27669.80078125,0.125499993562698,-0.00620000017806888
33563.3984375,-20361.400390625,0.100074999034405,-0.00637099985033274
25493.80078125,-23739.19921875,0.112575002014637,-0.0323349982500076
55951.19921875,10952.7998046875,0.0287420004606247,-0.0119979996234179
43589.6015625,-2723.40991210938,0.0600380003452301,-0.0299050007015467
49689.69921875,-15350.599609375,0.081497997045517,-0.0130249997600913
37636.30078125,14025.900390625,0.0408469997346401,-0.030604999512434
28109.400390625,2516.30004882813,0.0630149990320206,-0.0208969991654158
32093.80078125,-9694.7197265625,0.0812280029058456,-0.0136399995535612
40713.30078125,-14087.5,0.0888250023126602,-0.0155680002644658
24347.30078125,-15960.400390625,0.108149997889996,-0.0141930002719164
21422.400390625,-6853.85986328125,0.089028000831604,-0.0219500008970499
49005.80078125,29126.900390625,0.0210050009191036,-0.0163269992917776
34940.69921875,44257.6015625,0.0154569996520877,-0.0126369995996356
30776.400390625,28107.5,0.0180200003087521,-0.010975000448525
182.699996948242,79402,-0.00528099993243814,-0.0311750005930662
16818.099609375,95554.796875,-0.00789800006896257,-0.0280230008065701
-15229,92101.203125,0.00278600002638996,-0.0351199992001057
-62795.1015625,77311,0.0274500008672476,-0.113425001502037
-61452.1015625,66952.296875,0.0464930012822151,-0.119850002229214
-60389.3984375,90630.796875,0.0453879982233047,-0.0789270028471947
-69190.203125,84728.1015625,0.0568149983882904,-0.10445000231266
-74250.5,76563.203125,0.0911469981074333,-0.093809999525547
-69020.3984375,69154.6015625,0.0765680000185966,-0.136399999260902
-60645,60603.8984375,0.0975430011749268,-0.114775002002716
-67662.1015625,60796.19921875,0.110399998724461,-0.148550003767014
-70104.5,92970.3984375,0.0626249983906746,-0.0829029977321625
-77819.203125,87178.8984375,0.0817650035023689,-0.0625099986791611
-78871.5,64392.19921875,0.120025001466274,-0.0938379988074303
-85985.5,76844.6015625,0.100824996829033,-0.0525420010089874
-94025.1015625,62848.8984375,0.104999996721745,-0.0286570005118847
-89899,91700.8984375,0.0830100029706955,-0.0449800007045269
-72821.5,-16101.400390625,0.0624920018017292,-0.0422179996967316
-84136.8984375,-14276.599609375,0.0322199985384941,-0.0263100005686283
-64294.8984375,-9420.650390625,0.101549997925758,-0.0699969977140427
-75340.203125,-4835.7900390625,0.0724470019340515,-0.0486100018024445
-88052.203125,797.869995117188,0.0471329987049103,-0.0277919992804527
-97568.796875,-10946.900390625,0.0126769999042153,-0.0142529997974634
-65927.5,2942.68994140625,0.116324998438358,-0.0818020030856133
-75763,7737.3701171875,0.091899998486042,-0.051986999809742
-84209.6015625,15531.7001953125,0.0853450000286102,-0.0403449982404709
-95331.3984375,11816.5,0.0494179986417294,-0.011824999935925
-66769,12961.7998046875,0.132449999451637,-0.0824749991297722
-73172.3984375,19603.30078125,0.132074996829033,-0.071152001619339
-71552.796875,-93296.703125,-0.0327900014817715,-0.00724299997091293
-63366.6015625,-86719.3984375,-0.039792001247406,-0.00786700006574392
-70500,-80854.5,-0.0431349985301495,-0.0129599999636412
-81579,-84935.1015625,-0.0398200005292892,-0.0140249999240041
-85338.1015625,-95668.703125,-0.0266069993376732,-0.0139399999752641
-61870.8984375,-80174.6015625,-0.0441580004990101,-0.013880000449717
-64511,-74919.296875,-0.0370279997587204,-0.014937000349164
-71497.8984375,-70611.203125,-0.0320600010454655,-0.0128399999812245
-79277,-75736.6015625,-0.0408950001001358,-0.0162749998271465
-89706.796875,-76807.5,-0.0362679995596409,-0.0177369993180037
-93628.5,-87644.703125,-0.0310949999839067,-0.0185850001871586
-95731.8984375,-96841.6015625,-0.0199469998478889,-0.016440000385046
-63169.80078125,-68706.703125,-0.0196599997580051,-0.0136980004608631
-83248.703125,-65449.1015625,-0.0302920006215572,-0.013764999806881
-97858,-66999,-0.035130001604557,-0.00991499982774258
13258.2998046875,-92385.203125,0.0622100010514259,-0.00291800010018051
-110.23999786377,-97515.203125,0.0248780008405447,-0.00304999994114041
14279.2001953125,-80152.296875,0.0952899977564812,-0.00783799961209297
5591.64990234375,-86393.8984375,0.06283800303936,-0.0059090000577271
-4236.27978515625,-85505.796875,0.0506029985845089,-0.00780700007453561
-12580.900390625,-93833,0.0106250001117587,-0.00587400002405047
12230.5,-68371.203125,0.113925002515316,-0.0121950004249811
3484.73999023438,-76611.203125,0.0880630016326904,-0.00172699999529868
-8420.7998046875,-74049,0.0783670023083687,-0.00636200001463294
-14584.900390625,-84043.8984375,0.0378049984574318,-0.00852399971336126
711.820007324219,-65493.3984375,0.104975000023842,-0.0122269997373223
-10196.2099609375,-61815.3984375,0.103275001049042,-0.0182399991899729
-17391,-69359.203125,0.0784019976854324,-0.00858000013977289
-18087.69921875,-76918,0.0520800016820431,-0.00851199962198734
96974.796875,-99373.6015625,0.0938019976019859,-0.00836300011724234
84935.6015625,-93890.703125,0.0967900007963181,-0.00425999984145164
96591.3984375,-85368.3984375,0.0939429998397827,-0.000544000009540468
83960.3984375,-78448.1015625,0.0990130007266998,0.0092339999973774
73174,-90714.8984375,0.101499997079372,-0.00435499986633658
61326,-92297.703125,0.100440002977848,-0.00661899987608194
97942.796875,-72112.1015625,0.0883850008249283,0.00462999986484647
89940.1015625,-63012,0.102799996733665,0.00120099994819611
77027,-64310.8984375,0.112049996852875,0.0109999999403954
66725.8984375,-78561.296875,0.101800002157688,0.00420599989593029
64529.8984375,-63130,0.125825002789497,0.00486199976876378
89428.796875,-1962.98999023438,0.036116998642683,-0.0124629996716976
95980.6015625,-13312,0.0617749989032745,0.00942999962717295
84608,-15939.2998046875,0.0828879997134209,-0.0119749996811152
87116.796875,13683.5,0.0357469990849495,-0.0184049997478724
73502.3984375,5815.669921875,0.0292780008167028,-0.0121130002662539
75752.3984375,-7834.25,0.0461850017309189,-0.00585599988698959
61237.8984375,-7230.93017578125,0.062474999576807,-0.030944999307394
86157.703125,70842.5,0.0113650001585484,-0.0342519991099834
93496.5,90096.203125,0.00954100023955107,-0.0405500009655952
75952.796875,90938.5,0.00538400001823902,-0.0325249992311001
61004.69921875,74735,0.00507199997082353,-0.0265970006585121
-1488.13000488281,100311,0.00174400000832975,-0.0273499991744757
11266.2001953125,110110,-0.000517999986186624,-0.0270830001682043
13980.2001953125,125132,0.00776199996471405,-0.0273129995912313
-2424.78002929688,117884,0.0103979995474219,-0.0277329999953508
-18734.19921875,108906,0.0074189999140799,-0.0362449996173382
-1552.48999023438,136458,0.013065000064671,-0.0251899994909763
-17587.5,127699,0.0168200004845858,-0.0349120013415813
-107739,112713,0.0601500011980534,-0.00515499990433455
-120415,106302,0.0589120015501976,0.016202999278903
-135245,105091.203125,0.0487819984555244,0.0223799999803305
-110612,124674,0.035291999578476,-0.0205700006335974
-101979.796875,133962,0.0250349994748831,-0.0342749990522861
-117854,117372,0.0397179983556271,-0.00182100001256913
-127954,115819,0.0284429993480444,-0.00112000002991408
-137612,114830,0.0175299998372793,-0.0088299997150898
-114864,135554,0.0198950003832579,-0.0325900018215179
-122513,125930,0.0167479999363422,-0.0194669999182224
-135475,125013,0.00638000015169382,-0.0246500000357628
-128249,137077,0.0113500002771616,-0.0332249999046326
-139556,135019,-0.000184999997145496,-0.0359920002520084
-102598.203125,1711.09997558594,0.0226070005446672,-0.0020240000449121
-108704,-8296.7900390625,0.000515000021550804,0.00121400004718453
-118656,-13213.7001953125,-0.0133199999108911,0.00371400010772049
-130449,-16736.69921875,-0.0195099990814924,0.00139200000558048
-107694,17379,0.0361520014703274,0.0134730003774166
-116949,1211.88000488281,0.0116219995543361,0.0146979996934533
-127031,-6579.68017578125,-0.00652999989688396,0.0109829995781183
-138713,-5859.85009765625,-0.00338299991562963,0.00698699988424778
-124705,14838.900390625,0.0221999995410442,0.0271949991583824
-129631,2713.05004882813,0.00777699984610081,0.0193900000303984
-111499,-135157,0.00601800018921494,-0.011583000421524
-119969,-138439,0.00528800021857023,-0.00914699956774712
-129022,-136690,0.00279200007207692,-0.0066249999217689
-108857,-123305,0.00530399987474084,-0.0121299996972084
-120540,-129306,0.00312800006940961,-0.0110170003026724
-132400,-125268,0.000669999979436398,-0.00508899986743927
-102908.296875,-102947.6015625,-0.00915000028908253,-0.0145850004628301
-112005,-110121,0.00124899996444583,-0.0134349996224046
-122189,-117703,0.00310200010426342,-0.0100999996066093
-135134,-112746,-0.00214100000448525,-0.00654600001871586
-124267,-105423.3984375,0.000148000006447546,-0.0121670002117753
-135971,-100155.8984375,-0.00344999996013939,-0.0112880002707243
5487.580078125,-133090,-0.0188079997897148,0.00085200002649799
-3967.6201171875,-135649,-0.0275550000369549,0.00461600022390485
17431.5,-131287,-0.00483600003644824,-0.000979000004008412
9473.490234375,-119744,0.00101000000722706,0.00167999998666346
-3281.64990234375,-125421,-0.017170000821352,0.004763999953866
-13417.900390625,-132190,-0.0276749990880489,0.00771200004965067
18273.30078125,-110717,0.0254919994622469,0.000768999976571649
10202.669921875,-105622,0.0267500001937151,0.0022730000782758
-1918.51000976563,-112191,0.000109000000520609,0.00333199999295175
-14143.7998046875,-119291,-0.0197100006043911,0.00831499975174665
-12756.900390625,-105841,-0.00732199987396598,0.00171500002034009
130732,-139085,0.0976620018482208,-0.128000006079674
138804,-134452,0.0830349996685982,-0.139874994754791
134024,-127334,0.0865150019526482,-0.11982499808073
121873,-131936,0.0908500030636787,-0.0982180014252663
113183,-136335,0.0944219976663589,-0.0759750008583069
104683.796875,-135158,0.0858699977397919,-0.0514900013804436
135560,-115287,0.0732280015945435,-0.10724999755621
122678,-119797,0.0855949968099594,-0.0835099965333939
111883,-127686,0.0874700024724007,-0.0611280016601086
137166,-103348.8984375,0.0602150000631809,-0.0901750028133392
127506,-109240,0.0757720023393631,-0.0839499980211258
118401,-109876,0.0879430025815964,-0.0461030006408691
109414,-116946,0.0914549976587296,-0.0377280004322529
109033,-104609.5,0.0898130014538765,-0.023530000820756
134541,-7858.56982421875,0.0467119999229908,0.0362900011241436
120552,-15180.5,0.0720899999141693,0.00873299967497587
133988,18606.80078125,0.04322300106287,0.0106570003554225
122212,4099.7001953125,0.0403629988431931,0.00765800010412931
106069,-5902.91015625,0.0553350001573563,0.00777899986132979
105950,-19363.900390625,0.0939399972558022,-0.0050670001655817
102890.296875,10167.1298828125,0.0384549982845783,-0.0107899997383356
134867,106311,0.022112999111414,-0.0550750009715557
135857,139279,0.0359169989824295,-0.0608550012111664
136336,120148,0.0222529992461205,-0.0608120001852512
121426,110337,0.0107730003073812,-0.0555550009012222
118191,125734,0.0244880001991987,-0.0527549982070923
106640,113812,0.017340000718832,-0.0483650006353855
16017.400390625,144381,0.0110750002786517,-0.0242030005902052
17963.900390625,164632,0.00957500003278255,-0.0102779995650053
-1045.59997558594,156925,0.0137099996209145,-0.0293400008231401
3540.51000976563,171498,0.0147050004452467,-0.0302029997110367
-19253.5,147058,0.0146000003442168,-0.0382799990475178
-8566.419921875,171502,0.0195400007069111,-0.0280029997229576
-16829.5,163289,0.0256099998950958,-0.0310600008815527
-18732.19921875,173529,0.0279629994183779,-0.0304499994963408
-148837,141386,0.0024210000410676,-0.0334919989109039
-141801,153994,0.0235450007021427,-0.0303429998457432
-155117,153692,0.016584999859333,-0.026443000882864
-162243,143997,-0.000912000017706305,-0.0292920004576445
-175039,145063,-0.00751799996942282,-0.0260049998760223
-141586,167675,0.0349580012261868,-0.033916998654604
-150475,162797,0.0299329999834299,-0.0223350003361702
-161107,165108,0.0300730001181364,-0.0155600002035499
-167446,155173,0.0133680002763867,-0.0198950003832579
-177144,155595,0.0109700001776218,-0.0171920005232096
-153103,173888,0.0345069989562035,-0.0222549997270107
-166639,178854,0.0316429995000362,-0.0259070005267859
-174480,166749,0.0267229992896318,-0.012529999949038
-178205,177779,0.0321549996733665,-0.022664999589324
-142073,-18793.5,-0.0159000009298325,-0.00501199997961521
-161286,-15831.2001953125,-0.00904699973762035,-0.0123870000243187
-150342,-11570.5,-0.00973299983888865,-0.00508099980652332
-150475,115.970001220703,0.00588200008496642,0.00469399988651276
-140448,10649.2001953125,0.0192450005561113,0.0183719992637634
-157751,-6138.81005859375,-0.00156999996397644,-0.00886300019919872
-166548,-5552.25,-0.00109799997881055,-0.00841400027275085
-173672,-13238.900390625,-0.00305900000967085,-0.0117480000481009
-160625,2176.61010742188,0.0113519998267293,0.000976999988779426
-154967,11587.2998046875,0.022239999845624,0.0102650001645088
-169338,2654.51000976563,0.00914399977773428,0.00372399995103478
-176387,-2804.82006835938,0.000662999984342605,-0.00210399995557964
-166142,10682.7998046875,0.0154200000688434,0.0035270000807941
-177431,8691.0595703125,0.00875299982726574,0.00649600010365248
-171931,16977.900390625,0.0181649997830391,0.0125470003113151
-142095,-176663,-0.0147820003330708,-0.00103199994191527
-152554,-177072,-0.0175579991191626,-0.0046489997766912
-163973,-176213,-0.0168699994683266,-0.00840499997138977
-173135,-173839,-0.0141350002959371,-0.0161749999970198
-145814,-166560,-0.0100859999656677,-0.00311299995519221
-157455,-163370,-0.0124019999057055,-0.00591999990865588
-168638,-165845,-0.0150570003315806,-0.0120299998670816
-176448,-167287,-0.0182349998503923,-0.0163429994136095
-147198,-154844,-0.00551099982112646,-0.00245700008235872
-157255,-150135,-0.00833200011402369,-0.00501800002530217
-166752,-155661,-0.00818799994885921,-0.00889899954199791
-173880,-160241,-0.0124000003561378,-0.0137879997491837
-175669,-151285,-0.00879700016230345,-0.0149349998682737
-148502,-143240,-0.000427999999374151,-0.00119500001892447
-166334,-143543,-0.00621999986469746,-0.011315000243485
15966.599609375,-175428,-0.0310169998556376,0.0102209998294711
17298.900390625,-162640,-0.0296700000762939,0.00458899978548288
3237.1201171875,-162110,-0.0328430011868477,0.00490899989381433
-1401.05004882813,-179565,-0.0310050006955862,0.00378699996508658
14080.2001953125,-151976,-0.025170000270009,0.00312300003133714
1407.55004882813,-145545,-0.0293620005249977,0.00341999996453524
-10806.7998046875,-152541,-0.0317279994487762,0.00259599997662008
-14102.2001953125,-166876,-0.0298699997365475,-0.000192000006791204
12462.900390625,-141084,-0.0204050000756979,0.00153300003148615
-9424.650390625,-141759,-0.0308979991823435,0.00439999997615814
173804,-179352,0.0348899997770786,-0.0624330006539822
166606,-164765,0.0318400003015995,-0.0664030015468597
161109,-175371,0.0466019995510578,-0.0922100022435188
172868,-152461,0.0172179993242025,-0.0609130002558231
162520,-154534,0.0261400006711483,-0.0809919983148575
158412,-159984,0.0441999994218349,-0.114100001752377
156390,-166933,0.052997998893261,-0.121025003492832
152772,-174256,0.0568699985742569,-0.1338250041008
149623,-179341,0.0741270035505295,-0.170074999332428
146228,-174643,0.0813449993729591,-0.186450004577637
140132,-174679,0.107799999415874,-0.182850003242493
163795,-145712,0.0242899991571903,-0.07379499822855
157914,-149876,0.0265069995075464,-0.0982929989695549
156298,-154813,0.0459720008075237,-0.10530000180006
151022,-159398,0.0835070013999939,-0.142875000834465
148498,-167914,0.0502520017325878,-0.181075006723404
142675,-169503,0.090769998729229,-0.190249994397163
142816,-162716,0.101625002920628,-0.181924998760223
155323,-143716,0.022435000166297,-0.124975003302097
151714,-150817,0.0656249970197678,-0.135625004768372
143737,-153685,0.0985170006752014,-0.172124996781349
146006,-144065,0.072054997086525,-0.152274996042252
169874,-10251.3798828125,0.06683299690485,0.0462349988520145
150938,-11675,0.0426120012998581,0.0416699983179569
177325,2774.09008789063,0.0370449982583523,0.0494429990649223
160774,4840.22998046875,0.0423999987542629,0.0478969998657703
142578,5354.5498046875,0.0513599999248981,0.0211950000375509
172731,17545.30078125,0.0546599999070168,0.0370250009000301
176719,143128,0.0257670003920794,-0.0428799986839294
157254,150322,0.0361149981617928,-0.0587130002677441
173035,156816,0.0266350004822016,-0.0487649999558926
164395,164117,0.0204750001430511,-0.0623579993844032
150128,165704,0.0325829982757568,-0.0657399967312813
140786,154988,0.0365299992263317,-0.0666949972510338
177386,168873,0.0172029994428158,-0.0370020009577274
162954,178437,0.0181970000267029,-0.0614069998264313
11182,182299,0.00902299955487251,-0.0127600003033876
19876.69921875,189556,-0.000255999999353662,-0.00479600019752979
11507.7001953125,196094,0.00206899992190301,-0.00277299992740154
312.489990234375,193299,0.00578700006008148,-0.0185649991035461
-3188.51000976563,182287,0.0166250001639128,-0.024898000061512
-15201,181749,0.0205949991941452,-0.0269980002194643
13752,209783,0.0062350002117455,-0.00490800011903048
3443.68994140625,203312,0.00743799982592463,-0.00178499997127801
-8661.599609375,203983,0.00490499986335635,-0.0261530000716448
-11534,191863,0.00796100031584501,-0.0212399996817112
449.920013427734,213879,0.0054500000551343,-0.0182770006358624
-11412.7001953125,217115,0.00149099994450808,-0.0238669998943806
-18717.599609375,199113,0.0110029997304082,-0.0266900006681681
-180853,196902,0.0220580007880926,-0.0178149994462729
-187274,184768,0.03175999969244,-0.0176199991255999
-199631,187330,0.0349700003862381,-0.0198550000786781
-181285,207269,0.00207499996758997,-0.0257099997252226
-188175,203835,0.0129620004445314,-0.025620000436902
-192594,195977,0.0283720009028912,-0.0215799994766712
-209777,191282,0.0333819985389709,-0.0188500005751848
-201505,196418,0.0296000000089407,-0.0227099992334843
-188496,212863,0.000371000001905486,-0.0275020003318787
-197739,205517,0.0160900000482798,-0.0248799994587898
-208511,201698,0.0256120003759861,-0.0194799993187189
-219034,197444,0.0311629995703697,-0.0160770006477833
-198571,217572,0.00139700004365295,-0.0224329996854067
-206794,210983,0.014546999707818,-0.0201350003480911
-217709,208859,0.0202600006014109,-0.0173700004816055
-196677,-15602.099609375,-0.00191899994388223,-0.00352900009602308
-209380,-17817.900390625,-0.00028599999495782,-0.00451700016856194
-186266,-10500.669921875,-0.00146299996413291,-0.00508899986743927
-200403,-3449.01000976563,0.00296900002285838,0.00178599997889251
-186631,864.169982910156,0.00430600019171834,0.00282800011336803
-192615,11974,0.00647500017657876,0.0104250004515052
-210764,10622.7001953125,0.00736099993810058,0.00782500021159649
-180766,19815.80078125,0.0160450004041195,0.0142529997974634
-202371,19998.599609375,0.0133429998531938,0.0149349998682737
-183851,-215032,-0.00587200000882149,-0.0217879991978407
-187814,-204225,-0.00705099990591407,-0.021246999502182
-195442,-212441,-0.00873600039631128,-0.0204429998993874
-207488,-207697,-0.00805199984461069,-0.00964100006967783
-214762,-218018,-0.0130219999700785,-0.00681600021198392
-188096,-191194,-0.0126299997791648,-0.0158849991858006
-196616,-201383,-0.00934599991887808,-0.0167900007218122
-204037,-192007,-0.0155180003494024,-0.0130049996078014
-214914,-198640,-0.00816600024700165,-0.0102099999785423
-196082,-180474,-0.0249499995261431,-0.016312999650836
-216023,-189026,-0.0173000004142523,-0.00839999970048666
12585.7001953125,-196337,-0.0269380006939173,0.0134600000455976
7248.10986328125,-205907,-0.0208850000053644,0.0174749996513128
53.0299987792969,-214695,-0.014214999973774,0.0202830005437136
-11909.7001953125,-215575,-0.0141949998214841,0.0142219997942448
10275.1396484375,-187004,-0.0306480005383492,0.00943799968808889
2112.43994140625,-194017,-0.0264199990779161,0.00690700020641088
-5229.9599609375,-203910,-0.0214649997651577,0.00837100017815828
-19920.900390625,-202548,-0.020261999219656,0.00217400002293289
-10720.7001953125,-191675,-0.0253950003534555,0.00161699997261167
-18327.5,-180985,-0.0270949993282557,-0.00294000003486872
204000,-212438,0.00811699964106083,-0.0484770014882088
190757,-215876,0.00479600019752979,-0.0751070007681847
181963,-211921,0.0210069995373487,-0.0792170017957687
216703,-213552,-0.00845600012689829,-0.00982800032943487
215545,-204804,-0.00515000009909272,-0.00304799992591143
205984,-198687,0.0156880002468824,-0.0355129987001419
191278,-203290,0.0278249997645617,-0.0581130012869835
216671,-195641,-0.000417000002926216,0.00228899996727705
211132,-186159,0.00628900015726686,-0.0062440000474453
197107,-189530,0.0255720000714064,-0.0375600010156631
183243,-191083,0.0393979996442795,-0.0608819983899593
208629,-1505.09997558594,0.0236349999904633,0.00758199999108911
197881,-14022.2001953125,0.0231519993394613,-0.00145099998917431
189287,-18877,0.0248119998723269,0.000952999980654567
181170,-15801.599609375,0.0421379990875721,0.0352549999952316
209081,16324.2998046875,0.0650750026106834,0.0202929992228746
198846,9275.9296875,0.0605329982936382,0.0377999991178513
191592,-1325.68005371094,0.035216998308897,0.0378150008618832
188525,-11556.599609375,0.0416000001132488,0.0298800002783537
181789,-7323.75,0.0454719997942448,0.0375799983739853
187124,12883.599609375,0.0381520017981529,0.0476670004427433
204892,191350,-0.045804999768734,0.00275300000794232
188550,190303,-0.0502500012516975,0.00433300016447902
209397,209575,-0.0379620008170605,0.00821099989116192
194803,201221,-0.0352279990911484,0.011672000400722
183107,200917,-0.0385399982333183,0.00241900002583861
187503,213880,-0.0342429988086224,0.00170200003776699
9311.099609375,225570,0.00520800007507205,-0.0107749998569489
12707.5,255060,0.00417600013315678,-0.0289030000567436
12463.099609375,240707,0.0122520001605153,-0.0199650004506111
-1609.05004882813,235906,0.00306800007820129,-0.0290949996560812
-2816,224002,0.0037990000564605,-0.0252819992601871
-10824.900390625,227682,-0.00375799997709692,-0.0321180000901222
-480.230010986328,258268,-0.00574399996548891,-0.0550480000674725
3335.07006835938,247589,0.00166399998124689,-0.0312479995191097
-7328.02001953125,247924,-0.0123450001701713,-0.0455100014805794
-15970.7998046875,237929,-0.00931399967521429,-0.0261930003762245
-13234.2998046875,259060,-0.00115000002551824,-0.0359949991106987
-16505.19921875,248833,-0.00837200041860342,-0.0241149999201298
-224457,229519,0.00369299994781613,-0.0138600002974272
-223018,240037,0.00174300000071526,-0.0101199997588992
-232916,222869,0.00866100005805492,-0.0103719998151064
-248831,220141,-0.00477899983525276,0.0104870004579425
-231698,237628,0.0042519997805357,-0.00702100014314055
-235087,229982,0.0055049997754395,-0.0079969996586442
-224017,256450,0.0038699998985976,0.00146199995651841
-228457,246953,0.00454800017178059,-0.00203699991106987
-239055,225482,0.00554300006479025,-0.00521499989554286
-244213,224604,-0.00197599991224706,0.00714900018647313
-250297,228231,-0.00731700006872416,0.017153000459075
-239521,244884,0.00635700020939112,0.00396500015631318
-239370,235744,0.00296399998478591,-0.00214500003494322
-242609,230100,-0.000589000002946705,0.000893999997060746
-234466,255014,0.0059639997780323,0.00755500001832843
-247524,237346,-0.0057370001450181,0.00610999995842576
-257312,234473,-0.00917300023138523,0.0192649997770786
-246097,255659,0.00656800018623471,0.011137000285089
-248969,245769,0.00354099995456636,0.0109879998490214
-254745,242035,-0.00575099978595972,0.0130500001832843
-256469,250252,0.0038079998921603,0.017493000254035
-223097,-17182.19921875,-0.000728000013623387,-0.0031910000834614
-220782,-3577.93994140625,0.00299199996516109,-0.000258999993093312
-234506,-12823,0.000617999990936369,-0.00261499988846481
-248085,-10906.099609375,-0.00392200006172061,-0.00525799999013543
-226870,10805.599609375,0.00870900042355061,0.000627000001259148
-239524,1865.47998046875,0.00320299994200468,-0.00473499996587634
-254853,311.799987792969,-0.00284500000998378,-0.0190650001168251
-220542,19460.599609375,0.0146979996934533,0.00725799985229969
-229688,19606,0.017688000574708,0.00273999990895391
-238401,16072.7001953125,0.0119150001555681,0.000288000010186806
-250963,12723.400390625,0.0280520003288984,-0.0137579999864101
-220306,-250109,-0.0307519994676113,-0.0103850001469254
-228309,-257387,-0.0307030007243156,-0.011196999810636
-238581,-258776,-0.0228829998522997,-0.0297350008040667
-222370,-236783,-0.0242500007152557,-0.00965899974107742
-231982,-246112,-0.0257500000298023,-0.0165320001542568
-243035,-248131,-0.0245670005679131,-0.0443320013582706
-248301,-255939,-0.0205220002681017,-0.05519799888134
-258690,-256287,-0.0390749983489513,-0.0771699994802475
-224554,-222895,-0.0156479999423027,-0.0120329996570945
-231939,-232862,-0.0297570005059242,-0.01498799957335
-240084,-238002,-0.0223350003361702,-0.0405169986188412
-249054,-240313,-0.0323249995708466,-0.0780249983072281
-251417,-248905,-0.0257150009274483,-0.0768050029873848
-258466,-243708,-0.0530430004000664,-0.0829180032014847
-234652,-223291,-0.0119249997660518,-0.0264669992029667
-239061,-229689,-0.0187350008636713,-0.0407080017030239
-245909,-231308,-0.0227700006216764,-0.0703250020742416
-255794,-231678,-0.000380000012228265,-0.0652030035853386
-242867,-222744,-0.0206330008804798,-0.0639780014753342
-249813,-225022,-0.00161200005095452,-0.0686350017786026
-255790,-220650,0.0196119993925095,-0.0598049983382225
8393.759765625,-252262,-0.000346999993780628,0.0439970009028912
9368.9404296875,-236697,-0.00254300003871322,0.0382849983870983
-7644.14013671875,-243040,-0.00355700007639825,0.0366120003163815
12563.5,-220350,-0.0107119996100664,0.0306930001825094
-2556.61010742188,-226702,-0.00689500011503696,0.0289799999445677
-17927.30078125,-228569,-0.00836300011724234,0.0215150006115437
255498,-252320,-0.025017999112606,-0.0083389999344945
243134,-256275,-0.00972199998795986,-0.00877599976956844
230697,-258650,0.00388299999758601,0.0112399999052286
220669,-255128,0.00772699993103743,0.0332299992442131
252950,-239406,-0.02339500002563,0.00252899993211031
245378,-246727,-0.0220149997621775,-0.00315500004217029
236740,-248961,-0.00249499990604818,0.00163199997041374
225726,-245597,-0.0041880002245307,0.0241369996219873
223049,-231567,-0.0121149998158216,0.0166669990867376
250809,-226809,-0.0152200004085898,0.00475100008770823
238685,-237536,-0.025170000270009,0.0120470002293587
236449,-223715,-0.0161819998174906,0.0182530004531145
254088,-17477.099609375,-0.0178919993340969,-0.021891999989748
241536,-1873.18005371094,0.00181399995926768,-0.0144349997863173
224305,-8368.33984375,0.00120599998626858,-0.0173649992793798
254219,11154.7998046875,0.00921200029551983,-0.0066550001502037
239140,19742.80078125,0.0322050005197525,0.00194800004828721
223847,8872.2001953125,0.0325950011610985,-0.000778999994508922
220759,226083,-0.010865000076592,-0.00594400009140372
237440,222012,0.00647900020703673,-0.0182799994945526
259570,225169,0.0243100002408028,-0.029619999229908
249134,220097,0.0172249991446733,-0.0304829999804497
234667,233147,0.0212830007076263,-0.0319879986345768
224099,239487,0.014469999819994,-0.0265449993312359
247189,229705,0.0303770005702972,-0.0233570002019405
258272,238599,0.0240199994295836,-0.0254919994622469
249967,253475,0.0279300007969141,-0.0173099990934134
233973,242369,0.0431200005114079,-0.0485870018601418
243821,241032,0.0389650017023087,-0.0263279993087053
227714,249340,0.0496449992060661,-0.0410800017416477
238214,248914,0.0517250001430511,-0.0348649993538857
234251,258323,0.0436800010502338,-0.0375399999320507
220094,258823,0.053057000041008,-0.0442980006337166
15224.900390625,283551,0.0473599992692471,-0.0389619991183281
7816.27001953125,269290,0.0120580000802875,-0.0361870005726814
10626.599609375,299895,0.0656770020723343,-0.0324500016868114
2313.61010742188,291425,0.0414579994976521,-0.0406179986894131
1409.68994140625,280854,0.0183920003473759,-0.040022999048233
-6177.35009765625,270953,0.000575000012759119,-0.054186999797821
-5947.7001953125,293873,0.0441979989409447,-0.041228000074625
-4481.2099609375,287307,0.0360900014638901,-0.0479030013084412
-7220.5498046875,281524,0.0157769992947578,-0.0554030016064644
-14664.2001953125,278867,0.0266270004212856,-0.0433520004153252
-17287.80078125,270085,0.0030670000705868,-0.0496999993920326
-12585.2998046875,299557,0.054807998239994,-0.022834999486804
-12817.2001953125,289098,0.0297880005091429,-0.0544879995286465
-270014,267535,0.00524900015443563,0.0143999997526407
-278479,260959,-0.00022000000171829,0.0134150004014373
-290306,260488,-0.00249699992127717,0.00435699988156557
-260705,291350,0.00889699999243021,0.0102669997140765
-274107,280898,0.0077539999037981,0.0068359998986125
-282723,269991,0.00238800002261996,0.00629300018772483
-297039,272572,-0.00195199996232986,-0.00335999997332692
-275398,295007,0.00667499983683228,0.000898999976925552
-285518,288422,0.00582899991422892,-0.0130000002682209
-287232,279043,0.00517799984663725,-0.00191700004506856
-296367,284349,0.000763999996706843,-0.014384999871254
-286017,298481,0.00372599996626377,-0.0220519993454218
-295044,293972,0.00262299994938076,-0.025798000395298
-260653,-11342,-0.0160600002855062,-0.00990500021725893
-263156,9718.009765625,0.0242469999939203,-0.0115419998764992
-266029,-952.969970703125,-0.0177020002156496,-0.0146899996325374
-271482,-9494.25,-0.0482119992375374,0.00327099999412894
-267289,-16602,-0.0537299998104572,-0.00527400011196733
-274677,-18698.900390625,-0.0514300018548965,0.00522400019690394
-273718,17689,0.0314669981598854,0.0812299996614456
-271671,6558.8701171875,0.00761299999430776,0.0522070005536079
-274188,-1006.76000976563,-0.0334330014884472,0.0458349995315075
-278408,-5367.919921875,-0.049150001257658,0.115249998867512
-280176,-11074.599609375,-0.0540970005095005,-0.0202849991619587
-284959,-17521.19921875,-0.0713049992918968,-0.080036997795105
-278160,10108.2197265625,0.0135949999094009,0.032760001718998
-276251,3774.06005859375,-0.0507530011236668,0.125025004148483
-281284,-544.799987792969,0.0198180004954338,0.0408149994909763
-285185,-4360.02978515625,0.00700599979609251,0.00511300005018711
-286892,-10179.7099609375,0.01494500041008,0.105824999511242
-290957,-12646.099609375,0.0309670008718967,0.0821830034255981
-293550,-18195.900390625,-0.0312029998749495,-0.0253570005297661
-289992,-6900.5498046875,-0.0356249995529652,-0.0301520004868507
-290773,-9089.23046875,0.00829099956899881,0.00631299987435341
-293007,-9196.400390625,0.0352450013160706,-0.0212370008230209
-296197,-11927.5,0.0616649985313416,0.0879200026392937
-297253,-5184.3701171875,0.20974999666214,0.00592199992388487
-293392,14674.5,0.0610449984669685,0.0163829997181892
-296149,18497.900390625,-0.0171499997377396,0.0286669991910458
-261438,-295498,-0.0259780008345842,-0.0391750000417233
-274850,-297368,-0.0339270010590553,-0.0330570004880428
-288643,-298745,-0.0423600003123283,-0.0126630002632737
-269039,-287483,-0.0333480015397072,-0.0435729995369911
-280365,-284861,-0.0489270016551018,-0.0298950001597404
-265206,-269043,-0.0330200009047985,-0.0659599974751472
-269766,-279206,-0.0344580002129078,-0.0509580001235008
-296452,-285891,-0.0602019988000393,-0.0110999997705221
-287993,-271580,-0.0620950013399124,-0.0279949996620417
-276137,-273909,-0.0475170016288757,-0.0469550006091595
-276970,-264845,-0.0662380009889603,-0.0520499981939793
-297184,-260886,-0.0997549965977669,-0.016703000292182
11729.099609375,-295387,-0.0343019999563694,-0.0147730000317097
-1089.59997558594,-299738,-0.0305550005286932,0.00777099980041385
12549.7001953125,-281045,-0.0220599994063377,0.0207529999315739
1314.10998535156,-288065,-0.0246399994939566,0.0257050003856421
-13043.900390625,-288834,-0.0221829991787672,0.0400249995291233
9423.4599609375,-267045,-0.00776300020515919,0.0412050001323223
-2642.28002929688,-276060,-0.0139070004224777,0.0415319986641407
-19667.69921875,-271142,-0.0157299991697073,0.0420549996197224
-5421.5,-260940,-0.00645799981430173,0.0438450016081333
272556,-298881,-0.00447899987921119,-0.0303279999643564
297486,-284261,-0.0378450006246567,-0.0420249998569489
282166,-285873,-0.0289280004799366,-0.0165979992598295
268030,-284390,-0.0271370001137257,-0.0477130003273487
289092,-274420,-0.0394620001316071,-0.000380999990738928
275790,-272027,-0.0324649997055531,-0.0266929995268583
264032,-274548,-0.0379530005156994,-0.05485799908638
287924,-262787,-0.0507149994373322,-0.0130080003291368
263422,-264002,-0.0163930002599955,-0.0265800002962351
267437,-15197.599609375,-0.015004999935627,-0.0167599990963936
290501,-11175.099609375,-0.0194370001554489,-0.0103820003569126
275330,-6244.080078125,-0.0152179999276996,-0.017883000895381
260299,-3719.5,-0.0116450004279613,-0.0266849994659424
286031,5314.72998046875,-0.0210200008004904,-0.008929000236094
269192,7389.18994140625,-0.0164800006896257,-0.0159499999135733
299421,11354.2998046875,-0.0249770004302263,0.000218999994103797
276714,17110.599609375,-0.0117680002003908,-0.00767799979075789
285882,294481,0.0262349992990494,-0.00355400005355477
277224,273590,0.0280649997293949,-0.0147949997335672
266687,293233,0.0344949997961521,-0.0171670001000166
260039,265900,0.0365770012140274,-0.0250279996544123
16311.7998046875,332627,0.0717919990420341,-0.0292150005698204
6113.52978515625,324032,0.0699599981307983,-0.023080000653863
2575.44995117188,312232,0.0690099969506264,-0.022027000784874
-2586.96997070313,301437,0.0639630034565926,-0.0486549995839596
-848.940002441406,337267,0.0680869966745377,-0.0313250012695789
-6482.56982421875,322803,0.0666650012135506,-0.0240599997341633
-11725.5,310570,0.0679399967193604,-0.0287629999220371
-14187.2998046875,331828,0.0546449981629848,-0.0329449996352196
-19280.30078125,304582,0.061269998550415,-0.0291900001466274
-311117,302384,-0.000524999981280416,-0.029916999861598
-302467,307556,0.0141749996691942,-0.0337079986929893
-311680,312788,0.00995399989187717,-0.0201619993895292
-322309,307420,0.00227500009350479,-0.0254919994622469
-335219,314825,0.00997400004416704,-0.019463000819087
-300284,325711,0.022732000797987,-0.0106250001117587
-301862,316662,0.0179069992154837,-0.029704999178648
-310162,322842,0.0243999995291233,-0.0139499995857477
-321300,319067,0.016075000166893,-0.0133880004286766
-329538,326950,0.0227000005543232,-0.00833399966359138
-307696,332506,0.0375880002975464,-0.0118199996650219
-318457,329930,0.0366650000214577,-0.00354599999263883
-325708,336631,0.0448930002748966,0.000311000010697171
-334367,334290,0.0377020016312599,-0.0110550001263618
-300917,-16805.099609375,-0.0171499997377396,0.0842199996113777
-301267,-9429.58984375,0.0102970004081726,0.0106610003858805
-305750,-13981.5,0.0343919992446899,0.0247799996286631
-306035,-17867.69921875,0.00831099972128868,0.172824993729591
-310476,-16064.5,0.0576200000941753,0.0394699983298779
-314489,-19967.599609375,0.0313429981470108,0.0236799996346235
-317609,19565.30078125,-0.0276999995112419,0.0348800010979176
-310680,13824.2998046875,-0.0346949994564056,-0.0254970006644726
-324353,18057.30078125,0.084307998418808,-0.0205049999058247
-321431,13539.7998046875,0.0662299990653992,-0.0205049999058247
-328660,15298,0.0396369993686676,-0.0161419995129108
-319247,-332368,-0.021059999242425,0.00406799977645278
-339494,-336432,-0.0204719994217157,-0.0112479999661446
-304443,-328201,-0.0284429993480444,0.0086650000885129
-312235,-316220,-0.0380930006504059,0.00354900001548231
-331363,-315117,-0.0313719995319843,-0.0174049995839596
-304051,-301017,-0.0487099997699261,0.000467000005301088
-318366,-302973,-0.0420049987733364,-0.00880100019276142
15925.7001953125,-322165,-0.0215499997138977,-0.0884350016713142
14629.400390625,-333062,-0.012699999846518,-0.0968229994177818
1032.2099609375,-339199,-0.0174579992890358,-0.0564800016582012
10672.2998046875,-310173,-0.0333149991929531,-0.0432399995625019
4457.1201171875,-323745,-0.0236169993877411,-0.046289999037981
-9360.5498046875,-326079,-0.0243449993431568,-0.0129730002954602
-14382.7001953125,-339412,-0.0242899991571903,-0.0148149998858571
-4515.1298828125,-312521,-0.0273129995912313,-0.00625299988314509
-18309.30078125,-313946,-0.0257450006902218,0.0254420004785061
-12757.2998046875,-302730,-0.0254250001162291,0.0286749992519617
317143,-334272,-0.0327670015394688,-0.102894999086857
338310,-332715,-0.0399499982595444,-0.0615819990634918
331517,-315598,-0.0689330026507378,-0.0827749967575073
310692,-311887,-0.0630349963903427,-0.100680001080036
319351,-19335.19921875,-0.0299500003457069,0.00777400005608797
305169,-15872.2998046875,-0.0232200007885695,0.00115200004074723
328463,-8116.0498046875,-0.0332279987633228,0.0100440001115203
315392,-5619.330078125,-0.0290699992328882,0.00602000020444393
301643,-1235.18005371094,-0.0239799991250038,0.000536000006832182
334581,4171.740234375,-0.0212980005890131,0.00955700036138296
323627,2423.67993164063,-0.0271550007164478,0.0106030004099011
312955,8962.490234375,-0.0273729991167784,0.00492999982088804
336686,16229.900390625,-0.00796999968588352,0.00997500028461218
326127,13159.900390625,-0.0173349995166063,0.0153900003060699
305356,310206,0.0213469993323088,0.00300100003369153
325330,316586,0.0164850000292063,0.00839599967002869
307257,324516,0.0186829995363951,0.00730099994689226
318517,337792,0.0137400003150105,0.00723600015044212
12864.900390625,346860,0.0609479993581772,-0.0329970009624958
8638.3603515625,377788,0.0490549989044666,-0.0467550009489059
-1270.52001953125,357632,0.0484520010650158,-0.0469230003654957
-17898.5,345191,0.0593100003898144,-0.0323019996285439
-15949.7998046875,374897,0.0523120015859604,-0.0379149988293648
-19030.5,359438,0.0574869997799397,-0.0355949997901917
-340606,350544,0.0446269996464252,-0.0380450002849102
-352114,343070,0.0413750000298023,-0.0528579987585545
-344553,362078,0.0443000011146069,-0.0604100003838539
-352607,354039,0.0449480004608631,-0.067610003054142
-362176,348574,0.0268750004470348,-0.0708099976181984
-373627,344379,0.0147029999643564,-0.0716480016708374
-350141,371610,0.0524349994957447,-0.0665979981422424
-355522,363058,0.0502449981868267,-0.0781899988651276
-361368,356998,0.0266069993376732,-0.084587998688221
-371827,355633,0.0038689998909831,-0.0859849974513054
-359747,379761,0.0714450031518936,-0.0649250000715256
-359615,369931,0.0636499971151352,-0.0852399989962578
-364993,363619,0.0425099991261959,-0.0926349982619286
-374345,364860,0.0142679996788502,-0.107600003480911
-368165,371550,0.0663570016622543,-0.0987780019640923
-377596,372469,0.050806999206543,-0.0800400003790855
-347393,-358426,-0.0177400000393391,-0.00105700001586229
-358695,-378216,-0.0202699992805719,0.00142600003164262
-367293,-359975,-0.0250300001353025,-0.00779000017791986
-373119,-373029,-0.0198580008000135,0.00283699994906783
-378218,-348609,-0.0441850014030933,-0.0217119995504618
19080.19921875,-376064,-0.00814499985426664,-0.193975001573563
16216.7998046875,-366404,-0.00111099996138364,-0.163749992847443
10657.2998046875,-375311,-0.0127640003338456,-0.155399993062019
6064.1201171875,-355978,-0.00816200021654367,-0.0952870026230812
3804.63989257813,-369876,-0.0148550001904368,-0.111024998128414
-7127.669921875,-374992,-0.0198619998991489,-0.0730950012803078
-19965.599609375,-379085,-0.0177529994398355,-0.0350430011749268
15210.900390625,-344954,-0.00771499983966351,-0.112049996852875
-9623.7900390625,-352980,-0.0214850008487701,-0.0429169982671738
-4293.16015625,-363766,-0.0205569993704557,-0.0682950019836426
-15373.7998046875,-366089,-0.0282329991459847,-0.0365349985659122
371105,-364719,-0.0123500004410744,-0.0206649992614985
351470,-363283,-0.0191649999469519,-0.0446650013327599
357631,-342777,-0.0288280006498098,-0.0390320010483265
363238,-18173.599609375,-0.0176299996674061,0.0147900003939867
358474,-5197.10009765625,-0.0120590003207326,0.00965199992060661
342837,-7271.9501953125,-0.0273299999535084,0.0168249998241663
371367,-10176.76953125,-0.000101999998150859,-0.0122149996459484
370101,2462.830078125,0.021271999925375,-0.0216249991208315
361392,8599.1796875,0.0149250002577901,-0.0105109997093678
348505,9468.8896484375,-0.00194600003305823,-0.00096299999859184
379918,-2137.78002929688,0.0303179994225502,-0.0319069996476173
378772,8389.66015625,0.0412969999015331,-0.0343570001423359
370807,15566.2001953125,0.0359600000083447,-0.0337149985134602
363909,344739,0.0137729998677969,0.0136380000039935
345663,364631,0.00903099961578846,0.00430699996650219
-5742.52001953125,396583,0.0510880015790462,-0.044489998370409
10263,413519,0.0568349994719028,-0.0518580004572868
-8671.830078125,415951,0.0519770011305809,-0.0465929992496967
-383920,402200,0.0769200026988983,-0.0476420000195503
-384952,394128,0.101975001394749,-0.044829998165369
-388263,386120,0.108324997127056,-0.0683149993419647
-380475,419355,-2.09999998332933E-05,-0.0674879997968674
-386344,410984,0.0346850007772446,-0.0661299973726273
-389496,404975,0.0700080022215843,-0.0796979963779449
-389807,399193,0.102975003421307,-0.072564996778965
-391544,392851,0.124049998819828,-0.061124999076128
-394537,388171,0.133750006556511,-0.0634479969739914
-394817,382832,0.0735820010304451,-0.0883449986577034
-400308,381702,0.0343549996614456,-0.0620899982750416
-389159,419020,0.026698000729084,-0.090049996972084
-393924,414368,0.0507149994373322,-0.124925002455711
-392240,408652,0.0701019987463951,-0.112025000154972
-394431,403575,0.0862279981374741,-0.0950450003147125
-394774,397459,0.0921429991722107,-0.0724470019340515
-396317,392778,0.112374998629093,-0.0290569998323917
-398668,389279,0.12780000269413,-0.00609799986705184
-397987,385651,0.0911569967865944,-0.0430499985814095
-401597,386384,0.0647249966859818,-0.0362830013036728
-404271,383247,0.039648000150919,-0.0295550003647804
-407245,381588,0.0144379995763302,-0.014398000203073
-398560,416635,0.0880829989910126,-0.117449998855591
-398347,413267,0.079415000975132,-0.130624994635582
-397091,409146,0.0768470019102097,-0.161500006914139
-399311,404632,0.0452569983899593,-0.119424998760223
-398414,400316,0.0721649974584579,-0.0903149992227554
-398963,396004,0.103024996817112,-0.073574997484684
-400001,392512,0.0957449972629547,-0.0661780014634132
-401803,389863,0.116999998688698,-0.0234820004552603
-403801,388236,0.0492630004882813,-0.0604979991912842
-404658,386183,0.0435950011014938,-0.017255000770092
-407062,384701,0.0300200004130602,-0.00768500007688999
-409710,382794,0.00650899996981025,0.00725999986752868
-409400,380646,0.000323999993270263,-0.00876399967819452
-411819,380731,0.00113900005817413,0.0162250008434057
-402695,419089,0.0929130017757416,-0.0783519968390465
-401532,414751,0.0889950022101402,-0.123274996876717
-400919,411239,0.0921899974346161,-0.157900005578995
-400981,407893,0.0191680006682873,-0.158474996685982
-403354,404956,0.0915300026535988,-0.0653349980711937
-401461,401899,0.0568680018186569,-0.0749899968504906
-402089,398375,0.156424999237061,-0.0710079967975616
-402108,394691,0.0997420027852058,-0.109600000083447
-402518,392155,0.108549997210503,-0.100675001740456
-404378,390517,0.10037499666214,-0.0406120009720325
-406646,388131,0.0113450000062585,0.00857799965888262
-410205,386074,0.00350599992088974,-0.00329699995927513
-412633,383479,-0.032260000705719,0.0346000008285046
-415321,381131,0.0131069999188185,0.00403399998322129
-418383,380155,0.0408699996769428,0.000997000024653971
-407527,418029,0.116650000214577,-0.0439030006527901
-405069,415260,0.133149996399879,-0.0967900007963181
-403635,412574,0.115599997341633,-0.14682500064373
-404168,409378,0.018045000731945,-0.173899993300438
-406936,406698,0.0133100003004074,-0.137975007295609
-407028,403019,0.0689319968223572,-0.0226199999451637
-404361,401016,0.0662399977445602,-0.132349997758865
-405065,398280,0.118050001561642,-0.0652899965643883
-404636,395899,0.098410002887249,-0.0678149983286858
-404576,393214,0.185475006699562,-0.152924999594688
-406936,391394,-0.00717600015923381,-0.0193850006908178
-409709,389608,0.043673001229763,-0.00148800003807992
-412535,388052,0.0220999997109175,-0.0313649997115135
-413061,385861,-0.0142970001325011,-0.0221500005573034
-415312,384593,-0.0129100000485778,-0.0076069999486208
-418666,383419,0.00710499985143542,0.00837900023907423
-410747,419858,0.0752450004220009,0.0108129996806383
-411080,416645,0.0945670008659363,-0.0129399998113513
-408569,414540,0.105549998581409,-0.0583150014281273
-406356,412125,0.100187003612518,-0.112499997019768
-407386,409639,0.0599929988384247,-0.131074994802475
-409840,408276,0.0645330026745796,-0.0842050015926361
-409916,404819,0.0261450000107288,-0.0772899985313416
-410587,400852,0.0537899993360043,-0.00599199999123812
-407308,399579,0.0849030017852783,-0.0163100007921457
-407122,396771,0.0845229998230934,-0.0163000002503395
-406917,394185,0.0539180003106594,0.0959170013666153
-409465,392605,0.0220929998904467,0.0288849994540215
-412436,390948,0.0282450001686811,0.0332400016486645
-415212,389166,0.0206700004637241,0.0338499993085861
-414707,386890,0.0640980005264282,-0.015684999525547
-417133,386867,-0.00627799984067678,0.03078299947083
-413499,418186,0.0807550027966499,-0.0128070004284382
-414198,415562,0.0760549977421761,0.00793700013309717
-411815,413578,0.0885670036077499,-0.0273419991135597
-409517,411378,0.105200000107288,-0.0678580030798912
-412920,410205,0.083637997508049,-0.0129899997264147
-412616,406381,0.0929049998521805,-0.116274997591972
-412717,403485,-0.0116919996216893,-0.0424729995429516
-414390,399936,-0.00519500020891428,-0.0093189999461174
-413083,397370,0.0234919991344213,0.0553050003945827
-409839,397327,0.147100001573563,0.0955969989299774
-409060,395029,0.0855299979448318,0.113349996507168
-412016,394377,0.0299430005252361,0.0615729987621307
-415385,392085,0.00464399997144938,0.0130629995837808
-418524,390111,0.0667399987578392,0.135800004005432
-417108,417816,0.0557200014591217,-0.0172150004655123
-417004,414120,0.012796999886632,0.011714999563992
-414488,412905,0.0554569996893406,0.0151779996231198
-416433,411056,0.0377600006759167,0.0285979993641377
-416016,407780,0.0413050018250942,-0.012903000228107
-414342,405519,0.0351850017905235,0.0270899999886751
-416528,396650,-0.0132349999621511,-0.0199900008738041
-415165,394749,-0.000939999998081476,0.0463499985635281
-418737,393370,0.003402000060305,0.00333600002340972
-419438,412201,0.0300399996340275,-0.0207899995148182
-418986,409369,0.0579780004918575,-0.172574996948242
-419045,407028,-0.0193830002099276,-0.00414500012993813
-417960,405149,-0.0525869987905025,-0.0562670007348061
-417332,402750,-0.055477000772953,-0.0295080002397299
-387029,-417087,-0.0423999987542629,-0.0026700000744313
-398932,-416134,-0.0349229983985424,-0.0011790000135079
-410690,-414161,-0.0198420006781816,0.00910899974405766
-419904,-413563,-0.0245379991829395,0.0166069995611906
-380251,-409005,-0.0432449989020824,0.0112699996680021
-391084,-406453,-0.0461850017309189,0.00515600014477968
-403134,-404364,-0.0386769995093346,0.0160470008850098
-415693,-405234,-0.0207269992679358,0.0138299996033311
-383690,-401318,-0.0205550007522106,0.00136700004804879
-389536,-398060,-0.0347720012068748,-0.0147120002657175
-395580,-399363,-0.0383099988102913,0.0173920001834631
-400932,-394672,-0.0569269992411137,0.0243919994682074
-410842,-394263,-0.0275449994951487,0.034595001488924
-419905,-384618,-0.03464699909091,0.0144269997254014
-384478,-395910,-0.000432000000728294,-0.0177870001643896
-387995,-392347,-0.0218250006437302,-0.0128579996526241
-393940,-393433,-0.0373400002717972,0.00439700018614531
-397694,-387391,-0.0666100010275841,0.0392480008304119
-404378,-388868,-0.052276998758316,0.0491099990904331
-409641,-384284,-0.0363579988479614,0.0411950014531612
-382376,-391347,-0.0112549997866154,-0.0183600001037121
-386153,-386875,-0.0422249995172024,-0.0215750001370907
-391495,-388558,-0.0641020014882088,-0.00287399999797344
-391691,-382738,-0.0295749995857477,0.00220800004899502
-397756,-380797,-0.0359399989247322,0.014767000451684
-402974,-383036,-0.0529629997909069,0.0692000016570091
-380250,-386338,-0.0324670001864433,0.00370500003919005
17938.400390625,-410303,0.0255549997091293,-0.18537500500679
18984.099609375,-414967,0.0214549992233515,-0.191149994730949
16304,-418756,0.0447370000183582,-0.226400002837181
17184.599609375,-397857,-0.00608999980613589,-0.177275002002716
12854.599609375,-402983,0.0321099981665611,-0.177825003862381
15395.7001953125,-406866,0.0147700002416968,-0.139724999666214
13914,-414206,0.0859029963612556,-0.203150004148483
13901.7001953125,-409871,0.0919869989156723,-0.180224999785423
12262.599609375,-418545,0.0690679997205734,-0.191025003790855
17547.5,-388408,-0.0350899994373322,-0.15845000743866
15511.5,-393082,-0.00830600038170815,-0.155125007033348
10626.2001953125,-396319,0.0465999990701675,-0.170849993824959
12154.400390625,-407319,0.0529870018362999,-0.226349994540215
6134.47998046875,-401774,0.0605820007622242,-0.169100001454353
8830.759765625,-406438,0.0898419991135597,-0.209574997425079
9947.26953125,-410659,0.0554750002920628,-0.158875003457069
7979.66015625,-416221,0.0729829967021942,-0.183774992823601
457.5,-419010,0.0623250007629395,-0.127749994397163
12644.7001953125,-383087,-0.0140380002558231,-0.165399998426437
11637.099609375,-389981,-0.0037370000500232,-0.171024993062019
6908.31982421875,-392214,0.0267319995909929,-0.160475000739098
4467.56005859375,-396219,0.0487120002508163,-0.152225002646446
-2716.65991210938,-399893,0.0400319993495941,-0.100605003535748
3140.23999023438,-409337,0.0728399977087975,-0.145199999213219
-7145.8701171875,-410674,0.0397249981760979,-0.0825349986553192
-18472.099609375,-414883,0.017467999830842,-0.0371229983866215
2479.11010742188,-381549,-0.0105969998985529,-0.125499993562698
6821.580078125,-387545,0.0108850002288818,-0.151124998927116
1226.26000976563,-391109,0.0233379993587732,-0.122574999928474
-9501.26953125,-388886,0.000950000016018748,-0.0718429982662201
-15518.7001953125,-401772,0.0170220006257296,-0.0496870018541813
389170,-407129,0.0278050005435944,0.0221149995923042
417399,-405145,0.0381000004708767,0.0507799983024597
403356,-387599,0.0225820001214743,0.0273700002580881
411055,2585.96997070313,0.0571179986000061,-0.0387150011956692
408636,-10430.6396484375,0.0529999993741512,-0.0363529995083809
400913,12473.400390625,0.0472199991345406,-0.0470979996025562
398698,-1528.21997070313,0.0554599985480309,-0.0513579994440079
395261,-14271.2001953125,0.0518120005726814,-0.0290900003165007
382675,-13338.7998046875,0.0237230006605387,-0.0234229993075132
388475,5470.68994140625,0.0458379983901978,-0.051096998155117
388979,-5212.0498046875,0.0371720008552074,-0.043894998729229
